IMG_0171.jpg 1 472 382 33 32
IMG_0172.jpg 1 472 382 33 33
IMG_0173.jpg 1 100 213 86 75
IMG_0174.jpg 1 97 213 86 76
IMG_0175.jpg 1 72 289 86 73
IMG_0176.jpg 1 70 287 90 78
IMG_0177.jpg 1 66 129 96 86
IMG_0178.jpg 1 60 129 97 87
IMG_0179.jpg 1 28 89 140 123
IMG_0180.jpg 1 31 89 146 131
IMG_0181.jpg 1 60 82 83 77
IMG_0182.jpg 1 62 91 81 74
IMG_0183.jpg 1 146 214 81 77
IMG_0184.jpg 1 148 215 76 72
IMG_0185.jpg 1 171 264 82 73
IMG_0186.jpg 1 175 270 73 68
IMG_0187.jpg 1 146 239 63 60
IMG_0188.jpg 1 146 236 64 67
IMG_0189.jpg 1 79 67 106 104
IMG_0190.jpg 1 177 212 100 93
IMG_0191.jpg 1 1 76 125 128
IMG_0192.jpg 1 2 81 129 123
IMG_0193.jpg 1 16 200 130 112
IMG_0194.jpg 1 73 291 127 113
IMG_0195.jpg 1 36 12 122 119
IMG_0196.jpg 1 77 48 177 161
IMG_0197.jpg 1 115 174 74 72
IMG_0198.jpg 1 177 253 82 79
IMG_0199.jpg 1 141 259 103 97
IMG_0200.jpg 1 90 246 139 125
IMG_0201.jpg 1 0 12 182 204
IMG_0212.jpg 1 85 75 175 169
IMG_0216.jpg 1 17 91 306 269
IMG_0217.jpg 1 218 310 58 58
IMG_0218.jpg 1 248 314 57 54
IMG_0221.jpg 1 239 317 53 51
IMG_0228.jpg 1 21 83 224 210
IMG_0264.jpg 1 311 357 39 37
IMG_0265.jpg 1 312 356 40 38
IMG_0277.jpg 1 132 74 75 74
IMG_0296.jpg 1 324 192 34 33
IMG_0353.jpg 1 144 142 92 83
IMG_0381.jpg 1 176 142 48 46
IMG_0492.jpg 1 232 57 66 66
IMG_0502.jpg 1 117 153 157 148
IMG_0507.jpg 1 1 193 360 314
IMG_1991.jpg 1 377 404 22 22
IMG_1992.jpg 1 324 340 61 60
IMG_1993.jpg 1 258 222 100 97
IMG_1994.jpg 1 335 416 18 20
IMG_1995.jpg 1 331 415 20 19
IMG_1996.jpg 1 341 394 27 23
IMG_1997.jpg 1 344 398 27 21
IMG_1998.jpg 1 312 367 40 33
IMG_1999.jpg 1 312 366 40 35
IMG_2001.jpg 1 379 403 41 36
IMG_2002.jpg 1 381 393 43 40
IMG_2003.jpg 1 416 366 58 51
IMG_2004.jpg 1 325 293 81 83
IMG_2005.jpg 1 337 366 80 90
IMG_2006.jpg 1 400 362 64 60
IMG_2007.jpg 1 450 425 62 57
IMG_2008.jpg 1 308 259 65 64
IMG_2009.jpg 1 536 366 63 64
IMG_2010.jpg 1 572 399 66 60
IMG_2011.jpg 1 298 379 60 56
IMG_2012.jpg 1 300 382 61 56
IMG_2013.jpg 1 412 376 58 50
IMG_2014.jpg 1 427 369 55 50
IMG_2015.jpg 1 519 364 55 52
IMG_2016.jpg 1 525 356 59 53
IMG_2017.jpg 1 314 218 55 55
IMG_2018.jpg 1 313 222 58 53
IMG_2019.jpg 1 360 365 52 48
IMG_2020.jpg 1 370 373 51 47
IMG_2021.jpg 1 462 396 51 47
IMG_2022.jpg 1 468 392 52 47
IMG_2023.jpg 1 255 254 55 52
IMG_2024.jpg 1 253 253 55 53
IMG_2025.jpg 1 518 371 50 50
IMG_2026.jpg 1 516 367 51 53
IMG_2027.jpg 1 276 266 55 53
IMG_2028.jpg 1 276 264 55 54
IMG_2029.jpg 1 275 389 36 32
IMG_2030.jpg 1 269 380 37 33
IMG_2031.jpg 1 254 342 36 34
IMG_2032.jpg 1 247 326 35 34
IMG_2033.jpg 1 220 375 36 32
IMG_2034.jpg 1 212 389 35 31
IMG_2035.jpg 1 317 306 34 32
IMG_2036.jpg 1 317 316 34 32
IMG_2037.jpg 1 284 340 32 30
IMG_2038.jpg 1 292 342 33 30
IMG_2039.jpg 1 344 388 15 15
IMG_2040.jpg 1 354 397 14 13
IMG_2041.jpg 1 387 359 23 21
IMG_2042.jpg 1 453 387 25 25
IMG_2043.jpg 1 436 396 25 24
IMG_2044.jpg 1 494 324 29 31
IMG_2045.jpg 1 492 322 28 31
IMG_2046.jpg 1 366 400 31 30
IMG_2047.jpg 1 350 390 33 33
IMG_2048.jpg 1 400 334 41 38
IMG_2049.jpg 1 476 429 42 38
IMG_2050.jpg 1 478 429 43 39
IMG_2051.jpg 1 599 671 41 38
IMG_2052.jpg 1 270 269 45 47
IMG_2054.jpg 1 588 252 44 42
IMG_2055.jpg 1 333 353 44 43
IMG_2056.jpg 1 270 219 42 44
IMG_2057.jpg 1 272 217 42 45
IMG_2058.jpg 1 438 481 38 37
IMG_2059.jpg 1 298 294 78 73
IMG_2060.jpg 1 128 166 90 88
IMG_2061.jpg 1 132 168 87 87
IMG_2062.jpg 1 443 499 74 70
IMG_2063.jpg 1 610 293 83 78
IMG_2064.jpg 1 603 291 83 76
IMG_2065.jpg 1 265 440 117 103
IMG_2066.jpg 1 530 625 115 107
IMG_2067.jpg 1 545 215 123 114
IMG_2068.jpg 1 137 63 137 133
IMG_2069.jpg 1 136 55 143 136
IMG_2070.jpg 1 304 355 22 21
IMG_2071.jpg 1 256 489 21 20
IMG_2072.jpg 1 261 491 21 18
stop_sign-001.jpg 1 8 7 147 120
stop_sign-002.jpg 1 4 7 392 382
stop_sign-003.jpg 1 193 134 227 201
stop_sign-004.jpg 1 78 30 144 123
stop_sign-005.jpg 1 7 35 323 279
stop_sign-006.jpg 1 19 5 264 231
stop_sign-007.jpg 1 11 3 285 252
stop_sign-008.jpg 1 27 16 183 157
stop_sign-009.jpg 1 94 55 315 257
stop_sign-010.jpg 1 2 3 221 217
stop_sign-011.jpg 1 24 55 216 199
stop_sign-012.jpg 1 189 46 59 56
stop_sign-013.jpg 1 10 48 745 686
stop_sign-014.jpg 1 2 9 397 368
stop_sign-015.jpg 1 3 2 292 265
stop_sign-016.jpg 1 22 40 295 259
stop_sign-017.jpg 1 44 32 300 261
stop_sign-018.jpg 1 56 3 492 423
stop_sign-019.jpg 1 56 46 186 169
stop_sign-020.jpg 1 3 19 292 260
stop_sign-022.jpg 1 105 40 385 361
stop_sign-023.jpg 1 3 19 305 276
stop_sign-024.jpg 1 423 93 322 280
stop_sign-025.jpg 1 12 60 736 670
stop_sign-026.jpg 1 50 22 104 89
stop_sign-027.jpg 1 189 106 337 280
stop_sign-028.jpg 1 71 3 470 440
stop_sign-029.jpg 1 30 21 163 151
stop_sign-030.jpg 1 6 2 162 129
stop_sign-031.jpg 1 48 3 283 251
stop_sign-032.jpg 1 52 20 476 400
stop_sign-033.jpg 1 33 40 388 326
stop_sign-034.jpg 1 161 20 255 283
stop_sign-035.jpg 1 52 26 191 157
stop_sign-036.jpg 1 32 3 345 291
stop_sign-037.jpg 1 5 3 384 351
stop_sign-038.jpg 1 125 38 369 330
stop_sign-039.jpg 1 16 48 224 207
stop_sign-040.jpg 1 14 17 232 220
stop_sign-041.jpg 1 90 71 880 794
stop_sign-042.jpg 1 192 112 507 446
stop_sign-043.jpg 1 5 7 470 417
stop_sign-044.jpg 1 48 25 477 393
stop_sign-045.jpg 1 48 29 429 480
stop_sign-046.jpg 1 387 82 487 444
stop_sign-047.jpg 1 125 45 294 261
stop_sign-048.jpg 1 22 15 127 118
stop_sign-049.jpg 1 77 57 161 147
stop_sign-050.jpg 1 4 4 679 579
stop_sign-051.jpg 1 218 9 347 296
stop_sign-052.jpg 1 94 68 536 458
stop_sign-053.jpg 1 70 44 343 294
stop_sign-055.jpg 1 273 106 602 460
stop_sign-056.jpg 1 710 377 695 595
stop_sign-057.jpg 1 32 17 206 175
stop_sign-058.jpg 1 67 74 240 215
stop_sign-059.jpg 1 27 20 185 156
stop_sign-060.jpg 1 12 54 129 120
stop_sign-061.jpg 1 30 9 215 185
stop_sign-062.jpg 1 107 151 322 287
stop_sign-063.jpg 1 2 2 214 195
stop_sign-064.jpg 1 146 34 273 237
stop_sign-065.jpg 1 272 155 211 242
stop_sign-066.jpg 1 168 20 209 200
stop_sign-067.jpg 1 32 18 163 149
stop_sign-068.jpg 1 245 72 693 599
stop_sign-069.jpg 1 7 6 627 585
stop_sign-070.jpg 1 21 5 409 352
stop_sign-071.jpg 1 11 82 274 234
stop_sign-072.jpg 1 17 20 169 135
stop_sign-074.jpg 1 64 40 374 295
stop_sign-075.jpg 1 287 94 664 562
stop_sign-076.jpg 1 36 21 193 159
stop_sign-077.jpg 1 2 7 193 181
stop_sign-078.jpg 1 213 56 435 284
stop_sign-079.jpg 1 37 73 502 428
stop_sign-021.jpg 1 293 87 474 419
stop_sign-054.jpg 1 22 87 1032 904
stop_sign-080.jpg 1 418 611 96 95
stop_sign-081.jpg 1 337 526 213 229
stop_sign-082.jpg 1 276 386 363 282
stop_sign-083.jpg 1 474 413 122 96
stop_sign-084.jpg 1 240 319 236 225
stop_sign-085.jpg 1 370 466 274 252
stop_sign-087.jpg 1 390 390 242 217
stop_sign-088.jpg 1 222 337 484 376
stop_sign-089.jpg 1 308 288 311 470
stop_sign-090.jpg 1 433 500 193 179
stop_sign-091.jpg 1 396 258 271 230
stop_sign-092.jpg 1 357 166 280 350
stop_sign-093.jpg 1 427 485 226 186
stop_sign-094.jpg 1 388 264 192 257
stop_sign-095.jpg 1 308 432 272 245
stop_sign-096.jpg 1 275 391 308 405
stop_sign-097.jpg 1 170 274 536 581
stop_sign-098.jpg 1 250 408 449 423
stop_sign-099.jpg 1 295 438 289 429
stop_sign-100.jpg 1 15 430 768 523
stop_sign-102.jpg 1 303 531 158 152
stop_sign-103.jpg 1 185 175 514 630
stop_sign-104.jpg 1 130 2 764 787
stop_sign-105.jpg 1 82 126 749 721
stop_sign-106.jpg 1 295 392 141 134
stop_sign-107.jpg 1 333 299 342 394
stop_sign-108.jpg 1 329 57 355 532
stop_sign-109.jpg 1 283 82 531 471
stop_sign-110.jpg 1 219 36 458 609
stop_sign-111.jpg 1 371 431 238 208
stop_sign-112.jpg 1 227 398 464 401
stop_sign-113.jpg 1 286 331 363 423
stop_sign-114.jpg 1 349 482 264 304
stop_sign-115.jpg 1 274 243 429 350
stop_sign-117.jpg 1 217 204 588 538
stop_sign-118.jpg 1 170 124 530 747
stop_sign-119.jpg 1 259 313 350 449
stop_sign-120.jpg 1 364 323 214 207
stop_sign-121.jpg 1 364 278 200 262
stop_sign-122.jpg 1 405 389 179 212
stop_sign-123.jpg 1 388 236 266 285
stop_sign-124.jpg 1 323 227 332 293
stop_sign-125.jpg 1 148 273 584 510
stop_sign-126.jpg 1 280 312 421 561
stop_sign-127.jpg 1 242 265 409 637
stop_sign-128.jpg 1 227 283 445 530
stop_sign-129.jpg 1 230 419 411 367
stop_sign-130.jpg 1 379 431 216 194
stop_sign-131.jpg 1 271 415 233 224
stop_sign-132.jpg 1 298 283 263 342
stop_sign-133.jpg 1 322 150 282 433
stop_sign-134.jpg 1 420 304 251 239
stop_sign-135.jpg 1 361 512 200 212
stop_sign-136.jpg 1 449 574 123 112
stop_sign-137.jpg 1 377 278 234 238
stop_sign-138.jpg 1 446 323 155 196
stop_sign-139.jpg 1 401 357 218 196
stop_sign-141.jpg 1 219 258 423 369
stop_sign-142.jpg 1 482 600 62 62
stop_sign-143.jpg 1 436 392 167 163
stop_sign-144.jpg 1 384 359 200 166
stop_sign-145.jpg 1 501 298 206 233
stop_sign-146.jpg 1 345 374 241 213
stop_sign-147.jpg 1 247 247 386 368
stop_sign-148.jpg 1 180 45 469 545
stop_sign-149.jpg 1 377 439 154 214
stop_sign-150.jpg 1 286 394 266 252
stop_sign-151.jpg 1 263 236 311 292
stop_sign-153.jpg 1 310 375 315 277
stop_sign-154.jpg 1 426 296 356 280
stop_sign-155.jpg 1 223 231 272 321
stop_sign-159.jpg 1 164 384 371 289
stop_sign-160.jpg 1 368 243 360 318
stop_sign-162.jpg 1 259 211 207 202
stop_sign-163.jpg 1 534 111 216 202
stop_sign-166.jpg 1 681 37 205 191
stop_sign-167.jpg 1 333 265 244 277
stop_sign-168.jpg 1 362 530 252 375
stop_sign-169.jpg 1 104 330 281 285
stop_sign-170.jpg 1 203 180 388 373
stop_sign-171.jpg 1 150 117 382 346
stop_sign-172.jpg 1 304 486 340 417
stop_sign-173.jpg 1 304 84 355 407
stop_sign-174.jpg 1 612 126 47 365
stop_sign-175.jpg 1 326 179 327 325
stop_sign-176.jpg 1 618 265 348 323
stop_sign-177.jpg 1 44 289 364 304
stop_sign-178.jpg 1 240 109 300 359
stop_sign-179.jpg 1 562 27 373 371
stop_sign-180.jpg 1 579 303 359 318
stop_sign-182.jpg 1 237 423 332 331
stop_sign-183.jpg 1 267 495 315 336
stop_sign-184.jpg 1 171 87 353 351
